Cross0:
  latitude: 45.72008273622109
  longitude: -123.93380624456316
Cross1:
  latitude: 45.720916748046875
  longitude: -123.93297576904297
Cross2:
  latitude: 45.71921920776367
  longitude: -123.93231201171875

